[array([[[200, 150, 172],
         [142, 128, 157],
         [101, 113, 136],
         ...,
         [123, 122, 140],
         [124, 122, 140],
         [124, 123, 141]],
 
        [[138, 126, 157],
         [100, 111, 136],
         [ 86,  97, 116],
         ...,
         [118, 119, 137],
         [119, 119, 136],
         [118, 118, 136]],
 
        [[ 96, 108, 132],
         [ 83,  95, 113],
         [ 75,  90, 106],
         ...,
         [112, 114, 131],
         [113, 114, 132],
         [113, 114, 132]],
 
        ...,
 
        [[ 16,  30,  65],
         [ 14,  28,  64],
         [ 29,  45,  80],
         ...,
         [179, 147, 132],
         [179, 145, 132],
         [178, 144, 129]],
 
        [[ 31,  47,  82],
         [ 99, 109, 134],
         [168, 169, 182],
         ...,
         [178, 145, 128],
         [177, 145, 129],
         [174, 138, 121]],
 
        [[155, 161, 176],
         [209, 207, 210],
         [209, 206, 211],
         ...,
         [177, 142, 124],
         [177, 143, 125],
         [174, 138, 119]]], dtype=uint8),
 array([[[216, 217, 206],
         [214, 215, 204],
         [217, 217, 207],
         ...,
         [226, 225, 216],
         [227, 226, 217],
         [226, 225, 215]],
 
        [[215, 217, 207],
         [215, 216, 206],
         [219, 220, 211],
         ...,
         [229, 227, 219],
         [227, 226, 217],
         [226, 225, 216]],
 
        [[213, 214, 204],
         [215, 217, 208],
         [222, 223, 214],
         ...,
         [226, 224, 216],
         [226, 224, 216],
         [226, 224, 215]],
 
        ...,
 
        [[ 69,  70,  66],
         [ 68,  59,  53],
         [ 64,  61,  54],
         ...,
         [100, 101, 100],
         [138, 142, 142],
         [165, 166, 165]],
 
        [[ 68,  69,  65],
         [112, 112, 101],
         [118, 115, 104],
         ...,
         [114, 117, 116],
         [138, 141, 142],
         [166, 167, 166]],
 
        [[ 99,  99,  92],
         [144, 142, 132],
         [156, 155, 143],
         ...,
         [116, 118, 118],
         [108, 102,  98],
         [133, 119, 110]]], dtype=uint8),
 array([[[191, 184, 176],
         [192, 185, 176],
         [193, 186, 178],
         ...,
         [196, 189, 182],
         [196, 189, 182],
         [196, 194, 185]],
 
        [[189, 183, 175],
         [190, 184, 176],
         [190, 183, 176],
         ...,
         [195, 188, 182],
         [196, 189, 182],
         [195, 188, 181]],
 
        [[189, 183, 175],
         [188, 182, 174],
         [189, 182, 174],
         ...,
         [195, 189, 182],
         [195, 189, 181],
         [195, 188, 180]],
 
        ...,
 
        [[113,  55,  42],
         [ 99,  56,  37],
         [ 98,  64,  45],
         ...,
         [171, 137, 119],
         [183, 150, 133],
         [193, 161, 145]],
 
        [[ 71,  29,   5],
         [ 76,  42,  24],
         [136, 107,  88],
         ...,
         [167, 134, 116],
         [179, 146, 128],
         [189, 157, 140]],
 
        [[ 74,  34,  14],
         [ 95,  67,  51],
         [172, 146, 128],
         ...,
         [163, 130, 114],
         [175, 145, 127],
         [187, 156, 139]]], dtype=uint8),
 array([[[200, 150, 172],
         [142, 128, 157],
         [101, 113, 136],
         ...,
         [123, 122, 140],
         [124, 122, 140],
         [124, 123, 141]],
 
        [[138, 126, 157],
         [100, 111, 136],
         [ 86,  97, 116],
         ...,
         [118, 119, 137],
         [119, 119, 136],
         [118, 118, 136]],
 
        [[ 96, 108, 132],
         [ 83,  95, 113],
         [ 75,  90, 106],
         ...,
         [112, 114, 131],
         [113, 114, 132],
         [113, 114, 132]],
 
        ...,
 
        [[ 16,  30,  65],
         [ 14,  28,  64],
         [ 29,  45,  80],
         ...,
         [179, 147, 132],
         [179, 145, 132],
         [178, 144, 129]],
 
        [[ 31,  47,  82],
         [ 99, 109, 134],
         [168, 169, 182],
         ...,
         [178, 145, 128],
         [177, 145, 129],
         [174, 138, 121]],
 
        [[155, 161, 176],
         [209, 207, 210],
         [209, 206, 211],
         ...,
         [177, 142, 124],
         [177, 143, 125],
         [174, 138, 119]]], dtype=uint8),
 array([[[216, 217, 206],
         [214, 215, 204],
         [217, 217, 207],
         ...,
         [226, 225, 216],
         [227, 226, 217],
         [226, 225, 215]],
 
        [[215, 217, 207],
         [215, 216, 206],
         [219, 220, 211],
         ...,
         [229, 227, 219],
         [227, 226, 217],
         [226, 225, 216]],
 
        [[213, 214, 204],
         [215, 217, 208],
         [222, 223, 214],
         ...,
         [226, 224, 216],
         [226, 224, 216],
         [226, 224, 215]],
 
        ...,
 
        [[ 69,  70,  66],
         [ 68,  59,  53],
         [ 64,  61,  54],
         ...,
         [100, 101, 100],
         [138, 142, 142],
         [165, 166, 165]],
 
        [[ 68,  69,  65],
         [112, 112, 101],
         [118, 115, 104],
         ...,
         [114, 117, 116],
         [138, 141, 142],
         [166, 167, 166]],
 
        [[ 99,  99,  92],
         [144, 142, 132],
         [156, 155, 143],
         ...,
         [116, 118, 118],
         [108, 102,  98],
         [133, 119, 110]]], dtype=uint8),
 array([[[191, 184, 176],
         [192, 185, 176],
         [193, 186, 178],
         ...,
         [196, 189, 182],
         [196, 189, 182],
         [196, 194, 185]],
 
        [[189, 183, 175],
         [190, 184, 176],
         [190, 183, 176],
         ...,
         [195, 188, 182],
         [196, 189, 182],
         [195, 188, 181]],
 
        [[189, 183, 175],
         [188, 182, 174],
         [189, 182, 174],
         ...,
         [195, 189, 182],
         [195, 189, 181],
         [195, 188, 180]],
 
        ...,
 
        [[113,  55,  42],
         [ 99,  56,  37],
         [ 98,  64,  45],
         ...,
         [171, 137, 119],
         [183, 150, 133],
         [193, 161, 145]],
 
        [[ 71,  29,   5],
         [ 76,  42,  24],
         [136, 107,  88],
         ...,
         [167, 134, 116],
         [179, 146, 128],
         [189, 157, 140]],
 
        [[ 74,  34,  14],
         [ 95,  67,  51],
         [172, 146, 128],
         ...,
         [163, 130, 114],
         [175, 145, 127],
         [187, 156, 139]]], dtype=uint8)]
